15	-24	0
15	-23	0
15	-22	0
15	-21	0
15	-20	0
15	-19	0
15	-18	0
15	-17	0
15	-16	0
15	-15	0
15	-14	0
15	-13	0
15	-12	0
15	-11	0
15	-10	0
15	-9	0
15	-8	0
15	-7	0
15	-6	0
15	-5	0
15	-4	0
15	-3	0
15	-2	0
15	-1	0
15	0	0
15	1	0
15	2	0
15	3	0
15	4	0
15	5	0
15	6	0
15	7	0
15	8	0
15	9	0
15	10	0
15	11	0
15	12	0
15	13	0
15	14	0
15	15	0
15	16	0
15	17	0
15	18	0
15	19	0
15	20	0
15	21	0
15	22	0
15	23	0
16	-24	6
16	-23	13
16	-22	8
16	-21	9
16	-20	8
16	-19	19
16	-18	3
16	-17	12
16	-16	23
16	-15	0
16	-14	14
16	-13	13
16	-12	28
16	-11	5
16	-10	20
16	-9	19
16	-8	5
16	-7	5
16	-6	8
16	-5	14
16	-4	10
16	-3	19
16	-2	9
16	-1	40
16	0	88
16	1	19
16	2	86
16	3	53
16	4	12
16	5	30
16	6	10
16	7	8
16	8	19
16	9	24
16	10	45
16	11	15
16	12	13
16	13	25
16	14	21
16	15	23
16	16	26
16	17	16
16	18	4
16	19	28
16	20	8
16	21	13
16	22	13
16	23	24
17	-24	6
17	-23	6
17	-22	3
17	-21	5
17	-20	12
17	-19	6
17	-18	9
17	-17	38
17	-16	0
17	-15	3
17	-14	11
17	-13	7
17	-12	11
17	-11	19
17	-10	13
17	-9	13
17	-8	12
17	-7	11
17	-6	4
17	-5	14
17	-4	12
17	-3	26
17	-2	19
17	-1	14
17	0	131
17	1	33
17	2	118
17	3	21
17	4	62
17	5	5
17	6	4
17	7	16
17	8	13
17	9	12
17	10	95
17	11	9
17	12	11
17	13	12
17	14	14
17	15	24
17	16	22
17	17	11
17	18	11
17	19	10
17	20	18
17	21	15
17	22	22
17	23	17
18	-24	14
18	-23	6
18	-22	10
18	-21	5
18	-20	12
18	-19	10
18	-18	18
18	-17	0
18	-16	2
18	-15	6
18	-14	0
18	-13	10
18	-12	29
18	-11	63
18	-10	17
18	-9	10
18	-8	11
18	-7	11
18	-6	11
18	-5	10
18	-4	24
18	-3	55
18	-2	7
18	-1	18
18	0	84
18	1	19
18	2	56
18	3	35
18	4	7
18	5	9
18	6	17
18	7	27
18	8	28
18	9	22
18	10	11
18	11	24
18	12	18
18	13	12
18	14	39
18	15	26
18	16	18
18	17	21
18	18	27
18	19	21
18	20	12
18	21	49
18	22	19
18	23	21
19	-24	15
19	-23	10
19	-22	22
19	-21	5
19	-20	5
19	-19	41
19	-18	0
19	-17	7
19	-16	10
19	-15	0
19	-14	16
19	-13	26
19	-12	34
19	-11	24
19	-10	20
19	-9	21
19	-8	10
19	-7	10
19	-6	8
19	-5	10
19	-4	78
19	-3	35
19	-2	16
19	-1	24
19	0	41
19	1	4
19	2	119
19	3	35
19	4	25
19	5	17
19	6	26
19	7	24
19	8	19
19	9	31
19	10	15
19	11	27
19	12	21
19	13	17
19	14	28
19	15	15
19	16	17
19	17	29
19	18	39
19	19	12
19	20	54
19	21	24
19	22	26
19	23	27
20	-24	21
20	-23	42
20	-22	11
20	-21	31
20	-20	35
20	-19	0
20	-18	7
20	-17	26
20	-16	8
20	-15	7
20	-14	36
20	-13	14
20	-12	30
20	-11	27
20	-10	34
20	-9	22
20	-8	22
20	-7	17
20	-6	18
20	-5	52
20	-4	33
20	-3	74
20	-2	41
20	-1	10
20	0	44
20	1	26
20	2	108
20	3	88
20	4	883
20	5	20
20	6	83
20	7	42
20	8	35
20	9	44
20	10	25
20	11	12
20	12	74
20	13	22
20	14	15
20	15	43
20	16	23
20	17	33
20	18	29
20	19	50
20	20	34
20	21	30
20	22	16
20	23	25
21	-24	81
21	-23	10
21	-22	21
21	-21	50
21	-20	0
21	-19	15
21	-18	16
21	-17	15
21	-16	13
21	-15	25
21	-14	30
21	-13	30
21	-12	75
21	-11	67
21	-10	28
21	-9	28
21	-8	19
21	-7	56
21	-6	107
21	-5	16
21	-4	86
21	-3	143
21	-2	15
21	-1	24
21	0	64
21	1	22
21	2	347
21	3	97
21	4	44
21	5	255
21	6	100
21	7	26
21	8	76
21	9	47
21	10	19
21	11	77
21	12	76
21	13	46
21	14	27
21	15	45
21	16	26
21	17	32
21	18	58
21	19	21
21	20	52
21	21	34
21	22	29
21	23	29
22	-24	8
22	-23	19
22	-22	52
22	-21	0
22	-20	25
22	-19	17
22	-18	7
22	-17	32
22	-16	75
22	-15	47
22	-14	32
22	-13	29
22	-12	79
22	-11	86
22	-10	41
22	-9	42
22	-8	61
22	-7	576
22	-6	53
22	-5	37
22	-4	274
22	-3	49
22	-2	18
22	-1	26
22	0	42
22	1	12
22	2	360
22	3	125
22	4	748
22	5	57
22	6	39
22	7	148
22	8	84
22	9	65
22	10	73
22	11	42
22	12	80
22	13	37
22	14	88
22	15	63
22	16	23
22	17	58
22	18	61
22	19	61
22	20	32
22	21	62
22	22	19
22	23	49
23	-24	29
23	-23	82
23	-22	0
23	-21	26
23	-20	22
23	-19	7
23	-18	23
23	-17	121
23	-16	55
23	-15	14
23	-14	63
23	-13	43
23	-12	110
23	-11	124
23	-10	81
23	-9	108
23	-8	183
23	-7	67
23	-6	71
23	-5	105
23	-4	41
23	-3	69
23	-2	37
23	-1	23
23	0	41
23	1	36
23	2	410
23	3	2508
23	4	114
23	5	63
23	6	108
23	7	31
23	8	162
23	9	127
23	10	68
23	11	53
23	12	140
23	13	70
23	14	68
23	15	51
23	16	50
23	17	97
23	18	178
23	19	44
23	20	56
23	21	62
23	22	33
23	23	46
24	-24	123
24	-23	0
24	-22	32
24	-21	53
24	-20	10
24	-19	16
24	-18	45
24	-17	93
24	-16	31
24	-15	33
24	-14	47
24	-13	52
24	-12	96
24	-11	96
24	-10	47
24	-9	437
24	-8	100
24	-7	257
24	-6	125
24	-5	41
24	-4	57
24	-3	77
24	-2	30
24	-1	37
24	0	92
24	1	55
24	2	4994
24	3	144
24	4	38
24	5	80
24	6	121
24	7	74
24	8	138
24	9	100
24	10	63
24	11	66
24	12	212
24	13	69
24	14	80
24	15	63
24	16	38
24	17	413
24	18	58
24	19	61
24	20	47
24	21	49
24	22	73
24	23	46
25	-24	0
25	-23	36
25	-22	30
25	-21	11
25	-20	3
25	-19	53
25	-18	70
25	-17	45
25	-16	47
25	-15	15
25	-14	99
25	-13	22
25	-12	102
25	-11	166
25	-10	228
25	-9	66
25	-8	99
25	-7	336
25	-6	48
25	-5	37
25	-4	77
25	-3	52
25	-2	41
25	-1	29
25	0	94
25	1	51
25	2	485
25	3	87
25	4	83
25	5	78
25	6	123
25	7	174
25	8	118
25	9	98
25	10	66
25	11	57
25	12	133
25	13	63
25	14	95
25	15	84
25	16	74
25	17	76
25	18	71
25	19	35
25	20	62
25	21	143
25	22	42
25	23	152
26	-24	52
26	-23	51
26	-22	9
26	-21	5
26	-20	60
26	-19	125
26	-18	48
26	-17	52
26	-16	42
26	-15	59
26	-14	41
26	-13	25
26	-12	78
26	-11	453
26	-10	176
26	-9	147
26	-8	146
26	-7	45
26	-6	93
26	-5	73
26	-4	50
26	-3	55
26	-2	70
26	-1	52
26	0	81
26	1	53
26	2	292
26	3	274
26	4	85
26	5	94
26	6	104
26	7	116
26	8	83
26	9	162
26	10	56
26	11	162
26	12	95
26	13	82
26	14	96
26	15	99
26	16	43
26	17	145
26	18	67
26	19	61
26	20	155
26	21	51
26	22	532
26	23	264
27	-24	100
27	-23	14
27	-22	17
27	-21	45
27	-20	86
27	-19	40
27	-18	38
27	-17	51
27	-16	41
27	-15	51
27	-14	34
27	-13	44
27	-12	289
27	-11	463
27	-10	120
27	-9	143
27	-8	259
27	-7	71
27	-6	125
27	-5	61
27	-4	49
27	-3	136
27	-2	86
27	-1	38
27	0	83
27	1	32
27	2	843
27	3	187
27	4	174
27	5	62
27	6	160
27	7	86
27	8	120
27	9	100
27	10	209
27	11	129
27	12	124
27	13	68
27	14	70
27	15	136
27	16	86
27	17	92
27	18	113
27	19	159
27	20	88
27	21	1079
27	22	566
27	23	102
28	-24	8
28	-23	12
28	-22	36
28	-21	20
28	-20	40
28	-19	45
28	-18	26
28	-17	45
28	-16	46
28	-15	27
28	-14	41
28	-13	113
28	-12	401
28	-11	284
28	-10	56
28	-9	174
28	-8	101
28	-7	52
28	-6	81
28	-5	88
28	-4	98
28	-3	203
28	-2	60
28	-1	46
28	0	55
28	1	225
28	2	395
28	3	339
28	4	113
28	5	102
28	6	100
28	7	113
28	8	85
28	9	467
28	10	85
28	11	85
28	12	124
28	13	60
28	14	55
28	15	126
28	16	80
28	17	103
28	18	211
28	19	42
28	20	512
28	21	763
28	22	83
28	23	130
29	-24	9
29	-23	31
29	-22	31
29	-21	30
29	-20	33
29	-19	35
29	-18	27
29	-17	41
29	-16	33
29	-15	27
29	-14	103
29	-13	44
29	-12	329
29	-11	197
29	-10	41
29	-9	136
29	-8	56
29	-7	56
29	-6	144
29	-5	53
29	-4	87
29	-3	167
29	-2	31
29	-1	10
29	0	279
29	1	20
29	2	528
29	3	265
29	4	122
29	5	53
29	6	138
29	7	45
29	8	123
29	9	144
29	10	63
29	11	64
29	12	129
29	13	79
29	14	41
29	15	134
29	16	45
29	17	198
29	18	103
29	19	755
29	20	626
29	21	157
29	22	144
29	23	116
30	-24	41
30	-23	26
30	-22	30
30	-21	20
30	-20	23
30	-19	29
30	-18	28
30	-17	28
30	-16	31
30	-15	39
30	-14	44
30	-13	63
30	-12	199
30	-11	61
30	-10	21
30	-9	60
30	-8	45
30	-7	39
30	-6	59
30	-5	40
30	-4	32
30	-3	80
30	-2	17
30	-1	73
30	0	51
30	1	23
30	2	900
30	3	282
30	4	64
30	5	47
30	6	55
30	7	77
30	8	125
30	9	105
30	10	36
30	11	57
30	12	104
30	13	51
30	14	53
30	15	68
30	16	63
30	17	70
30	18	856
30	19	1030
30	20	40
30	21	191
30	22	85
30	23	1539
31	-24	23
31	-23	18
31	-22	30
31	-21	18
31	-20	24
31	-19	28
31	-18	26
31	-17	32
31	-16	29
31	-15	24
31	-14	36
31	-13	52
31	-12	87
31	-11	30
31	-10	47
31	-9	38
31	-8	45
31	-7	43
31	-6	38
31	-5	21
31	-4	47
31	-3	33
31	-2	61
31	-1	15
31	0	35
31	1	107
31	2	612
31	3	77
31	4	33
31	5	34
31	6	119
31	7	39
31	8	102
31	9	75
31	10	20
31	11	41
31	12	54
31	13	41
31	14	42
31	15	86
31	16	37
31	17	1152
31	18	1082
31	19	36
31	20	167
31	21	93
31	22	1890
31	23	143
32	-24	22
32	-23	31
32	-22	18
32	-21	7
32	-20	25
32	-19	21
32	-18	17
32	-17	24
32	-16	21
32	-15	23
32	-14	33
32	-13	17
32	-12	36
32	-11	25
32	-10	56
32	-9	29
32	-8	25
32	-7	43
32	-6	12
32	-5	49
32	-4	12
32	-3	225
32	-2	8
32	-1	9
32	0	85
32	1	33
32	2	245
32	3	41
32	4	58
32	5	105
32	6	57
32	7	45
32	8	62
32	9	33
32	10	40
32	11	77
32	12	87
32	13	30
32	14	29
32	15	38
32	16	326
32	17	1409
32	18	30
32	19	171
32	20	80
32	21	1621
32	22	34
32	23	37
33	-24	11
33	-23	23
33	-22	12
33	-21	16
33	-20	13
33	-19	20
33	-18	16
33	-17	20
33	-16	17
33	-15	20
33	-14	12
33	-13	13
33	-12	22
33	-11	14
33	-10	38
33	-9	27
33	-8	11
33	-7	5
33	-6	14
33	-5	28
33	-4	443
33	-3	22
33	-2	7
33	-1	43
33	0	13
33	1	10
33	2	128
33	3	67
33	4	28
33	5	44
33	6	35
33	7	26
33	8	37
33	9	35
33	10	48
33	11	63
33	12	40
33	13	31
33	14	34
33	15	149
33	16	392
33	17	36
33	18	143
33	19	75
33	20	1550
33	21	31
33	22	43
33	23	322
34	-24	13
34	-23	6
34	-22	7
34	-21	4
34	-20	10
34	-19	17
34	-18	14
34	-17	33
34	-16	14
34	-15	8
34	-14	10
34	-13	9
34	-12	20
34	-11	11
34	-10	18
34	-9	17
34	-8	11
34	-7	27
34	-6	15
34	-5	91
34	-4	8
34	-3	17
34	-2	32
34	-1	8
34	0	7
34	1	12
34	2	181
34	3	48
34	4	62
34	5	22
34	6	18
34	7	27
34	8	17
34	9	36
34	10	9
34	11	29
34	12	27
34	13	11
34	14	44
34	15	173
34	16	11
34	17	126
34	18	80
34	19	1803
34	20	16
34	21	44
34	22	66
34	23	66
35	-24	1
35	-23	9
35	-22	13
35	-21	6
35	-20	9
35	-19	7
35	-18	7
35	-17	15
35	-16	13
35	-15	5
35	-14	10
35	-13	3
35	-12	16
35	-11	9
35	-10	6
35	-9	11
35	-8	6
35	-7	6
35	-6	13
35	-5	11
35	-4	12
35	-3	36
35	-2	3
35	-1	2
35	0	5
35	1	12
35	2	108
35	3	78
35	4	25
35	5	14
35	6	16
35	7	13
35	8	15
35	9	11
35	10	4
35	11	7
35	12	9
35	13	16
35	14	62
35	15	7
35	16	36
35	17	84
35	18	1787
35	19	9
35	20	19
35	21	38
35	22	14
35	23	20
36	-24	3
36	-23	8
36	-22	10
36	-21	8
36	-20	6
36	-19	1
36	-18	12
36	-17	3
36	-16	3
36	-15	6
36	-14	4
36	-13	5
36	-12	16
36	-11	8
36	-10	7
36	-9	4
36	-8	7
36	-7	57
36	-6	9
36	-5	7
36	-4	54
36	-3	7
36	-2	0
36	-1	1
36	0	11
36	1	14
36	2	140
36	3	25
36	4	8
36	5	7
36	6	23
36	7	5
36	8	8
36	9	10
36	10	8
36	11	4
36	12	11
36	13	29
36	14	7
36	15	13
36	16	30
36	17	2044
36	18	16
36	19	30
36	20	38
36	21	20
36	22	10
36	23	10
37	-24	1
37	-23	3
37	-22	2
37	-21	3
37	-20	6
37	-19	3
37	-18	2
37	-17	0
37	-16	3
37	-15	5
37	-14	3
37	-13	4
37	-12	6
37	-11	4
37	-10	5
37	-9	4
37	-8	4
37	-7	4
37	-6	2
37	-5	1
37	-4	4
37	-3	2
37	-2	1
37	-1	4
37	0	7
37	1	6
37	2	48
37	3	15
37	4	14
37	5	9
37	6	10
37	7	1
37	8	5
37	9	1
37	10	0
37	11	15
37	12	19
37	13	7
37	14	8
37	15	11
37	16	454
37	17	11
37	18	30
37	19	15
37	20	13
37	21	17
37	22	6
37	23	7
38	-24	1
38	-23	1
38	-22	2
38	-21	0
38	-20	0
38	-19	1
38	-18	2
38	-17	2
38	-16	0
38	-15	2
38	-14	1
38	-13	1
38	-12	1
38	-11	1
38	-10	4
38	-9	1
38	-8	1
38	-7	3
38	-6	0
38	-5	0
38	-4	3
38	-3	1
38	-2	2
38	-1	9
38	0	3
38	1	5
38	2	20
38	3	4
38	4	6
38	5	2
38	6	3
38	7	0
38	8	1
38	9	1
38	10	6
38	11	34
38	12	2
38	13	8
38	14	11
38	15	172
38	16	6
38	17	42
38	18	20
38	19	7
38	20	5
38	21	8
38	22	5
38	23	3
39	-24	1
39	-23	1
39	-22	0
39	-21	3
39	-20	1
39	-19	2
39	-18	2
39	-17	3
39	-16	0
39	-15	2
39	-14	1
39	-13	0
39	-12	2
39	-11	4
39	-10	0
39	-9	0
39	-8	1
39	-7	1
39	-6	0
39	-5	0
39	-4	2
39	-3	0
39	-2	0
39	-1	0
39	0	1
39	1	0
39	2	15
39	3	5
39	4	3
39	5	1
39	6	4
39	7	3
39	8	3
39	9	1
39	10	22
39	11	2
39	12	9
39	13	2
39	14	73
39	15	5
39	16	2
39	17	19
39	18	1
39	19	0
39	20	3
39	21	21
39	22	4
39	23	1
40	-24	1
40	-23	1
40	-22	0
40	-21	0
40	-20	1
40	-19	0
40	-18	3
40	-17	0
40	-16	0
40	-15	0
40	-14	0
40	-13	0
40	-12	1
40	-11	1
40	-10	2
40	-9	2
40	-8	1
40	-7	0
40	-6	0
40	-5	0
40	-4	1
40	-3	0
40	-2	0
40	-1	0
40	0	1
40	1	0
40	2	16
40	3	2
40	4	1
40	5	1
40	6	1
40	7	0
40	8	2
40	9	2
40	10	0
40	11	7
40	12	7
40	13	62
40	14	3
40	15	1
40	16	4
40	17	1
40	18	7
40	19	1
40	20	1
40	21	1
40	22	1
40	23	2
41	-24	0
41	-23	2
41	-22	0
41	-21	0
41	-20	0
41	-19	0
41	-18	0
41	-17	0
41	-16	0
41	-15	1
41	-14	0
41	-13	0
41	-12	0
41	-11	0
41	-10	0
41	-9	0
41	-8	0
41	-7	0
41	-6	0
41	-5	0
41	-4	0
41	-3	0
41	-2	0
41	-1	0
41	0	1
41	1	1
41	2	4
41	3	1
41	4	1
41	5	1
41	6	0
41	7	7
41	8	1
41	9	1
41	10	4
41	11	6
41	12	112
41	13	0
41	14	2
41	15	2
41	16	4
41	17	6
41	18	0
41	19	0
41	20	0
41	21	1
41	22	0
41	23	1
42	-24	0
42	-23	0
42	-22	0
42	-21	0
42	-20	0
42	-19	0
42	-18	0
42	-17	0
42	-16	1
42	-15	1
42	-14	0
42	-13	0
42	-12	0
42	-11	0
42	-10	0
42	-9	0
42	-8	0
42	-7	1
42	-6	0
42	-5	0
42	-4	1
42	-3	0
42	-2	0
42	-1	0
42	0	0
42	1	0
42	2	3
42	3	1
42	4	0
42	5	2
42	6	0
42	7	12
42	8	0
42	9	0
42	10	4
42	11	113
42	12	5
42	13	0
42	14	1
42	15	0
42	16	1
42	17	0
42	18	0
42	19	1
42	20	0
42	21	2
42	22	3
42	23	1
43	-24	0
43	-23	0
43	-22	0
43	-21	0
43	-20	0
43	-19	0
43	-18	1
43	-17	0
43	-16	0
43	-15	0
43	-14	0
43	-13	0
43	-12	0
43	-11	0
43	-10	0
43	-9	0
43	-8	1
43	-7	0
43	-6	0
43	-5	0
43	-4	0
43	-3	0
43	-2	0
43	-1	0
43	0	0
43	1	0
43	2	1
43	3	1
43	4	0
43	5	0
43	6	0
43	7	0
43	8	0
43	9	1
43	10	22
43	11	4
43	12	0
43	13	1
43	14	3
43	15	1
43	16	0
43	17	0
43	18	0
43	19	0
43	20	0
43	21	0
43	22	0
43	23	0
44	-24	0
44	-23	0
44	-22	0
44	-21	1
44	-20	0
44	-19	0
44	-18	0
44	-17	0
44	-16	0
44	-15	0
44	-14	1
44	-13	0
44	-12	0
44	-11	0
44	-10	0
44	-9	0
44	-8	0
44	-7	0
44	-6	0
44	-5	0
44	-4	0
44	-3	0
44	-2	0
44	-1	0
44	0	0
44	1	0
44	2	1
44	3	0
44	4	0
44	5	0
44	6	0
44	7	2
44	8	0
44	9	5
44	10	0
44	11	0
44	12	2
44	13	1
44	14	0
44	15	0
44	16	0
44	17	0
44	18	1
44	19	0
44	20	0
44	21	0
44	22	0
44	23	0
45	-24	0
45	-23	0
45	-22	0
45	-21	0
45	-20	0
45	-19	0
45	-18	0
45	-17	0
45	-16	0
45	-15	0
45	-14	0
45	-13	0
45	-12	0
45	-11	0
45	-10	0
45	-9	0
45	-8	0
45	-7	0
45	-6	0
45	-5	0
45	-4	0
45	-3	0
45	-2	0
45	-1	0
45	0	0
45	1	0
45	2	3
45	3	0
45	4	0
45	5	0
45	6	1
45	7	2
45	8	15
45	9	0
45	10	0
45	11	1
45	12	0
45	13	0
45	14	0
45	15	0
45	16	0
45	17	0
45	18	0
45	19	0
45	20	1
45	21	0
45	22	0
45	23	0
46	-24	0
46	-23	0
46	-22	0
46	-21	0
46	-20	0
46	-19	0
46	-18	0
46	-17	0
46	-16	0
46	-15	0
46	-14	0
46	-13	0
46	-12	0
46	-11	0
46	-10	0
46	-9	0
46	-8	0
46	-7	0
46	-6	0
46	-5	0
46	-4	0
46	-3	0
46	-2	0
46	-1	0
46	0	0
46	1	0
46	2	0
46	3	0
46	4	0
46	5	0
46	6	0
46	7	160
46	8	0
46	9	0
46	10	0
46	11	1
46	12	0
46	13	0
46	14	0
46	15	0
46	16	0
46	17	0
46	18	0
46	19	0
46	20	0
46	21	0
46	22	0
46	23	0
47	-24	0
47	-23	0
47	-22	0
47	-21	0
47	-20	0
47	-19	0
47	-18	0
47	-17	0
47	-16	0
47	-15	0
47	-14	0
47	-13	0
47	-12	0
47	-11	0
47	-10	0
47	-9	0
47	-8	0
47	-7	0
47	-6	0
47	-5	0
47	-4	0
47	-3	0
47	-2	0
47	-1	0
47	0	0
47	1	0
47	2	0
47	3	0
47	4	0
47	5	0
47	6	4
47	7	0
47	8	0
47	9	0
47	10	0
47	11	0
47	12	0
47	13	0
47	14	0
47	15	0
47	16	0
47	17	1
47	18	1
47	19	0
47	20	0
47	21	0
47	22	0
47	23	0
48	-24	0
48	-23	0
48	-22	0
48	-21	0
48	-20	0
48	-19	0
48	-18	0
48	-17	0
48	-16	0
48	-15	0
48	-14	0
48	-13	1
48	-12	0
48	-11	0
48	-10	0
48	-9	0
48	-8	0
48	-7	0
48	-6	0
48	-5	2
48	-4	0
48	-3	0
48	-2	0
48	-1	0
48	0	0
48	1	0
48	2	0
48	3	0
48	4	0
48	5	0
48	6	2
48	7	0
48	8	0
48	9	0
48	10	0
48	11	0
48	12	0
48	13	0
48	14	0
48	15	0
48	16	1
48	17	0
48	18	0
48	19	0
48	20	0
48	21	0
48	22	0
48	23	0
49	-24	0
49	-23	0
49	-22	0
49	-21	0
49	-20	0
49	-19	0
49	-18	0
49	-17	0
49	-16	0
49	-15	0
49	-14	0
49	-13	0
49	-12	0
49	-11	0
49	-10	0
49	-9	0
49	-8	0
49	-7	0
49	-6	0
49	-5	0
49	-4	0
49	-3	0
49	-2	0
49	-1	0
49	0	0
49	1	0
49	2	0
49	3	0
49	4	1
49	5	0
49	6	0
49	7	5
49	8	0
49	9	0
49	10	0
49	11	0
49	12	0
49	13	0
49	14	0
49	15	0
49	16	0
49	17	0
49	18	0
49	19	0
49	20	0
49	21	0
49	22	0
49	23	0
50	-24	0
50	-23	0
50	-22	0
50	-21	0
50	-20	0
50	-19	0
50	-18	0
50	-17	0
50	-16	0
50	-15	0
50	-14	0
50	-13	0
50	-12	0
50	-11	0
50	-10	0
50	-9	0
50	-8	0
50	-7	0
50	-6	0
50	-5	0
50	-4	0
50	-3	0
50	-2	0
50	-1	0
50	0	0
50	1	0
50	2	0
50	3	0
50	4	0
50	5	0
50	6	0
50	7	0
50	8	0
50	9	0
50	10	0
50	11	0
50	12	0
50	13	0
50	14	0
50	15	0
50	16	0
50	17	0
50	18	0
50	19	0
50	20	0
50	21	0
50	22	0
50	23	0
51	-24	0
51	-23	0
51	-22	0
51	-21	0
51	-20	0
51	-19	0
51	-18	0
51	-17	0
51	-16	0
51	-15	0
51	-14	0
51	-13	0
51	-12	0
51	-11	0
51	-10	0
51	-9	0
51	-8	0
51	-7	0
51	-6	0
51	-5	0
51	-4	0
51	-3	0
51	-2	0
51	-1	0
51	0	0
51	1	1
51	2	0
51	3	0
51	4	0
51	5	0
51	6	1
51	7	0
51	8	0
51	9	0
51	10	0
51	11	0
51	12	0
51	13	0
51	14	0
51	15	0
51	16	0
51	17	0
51	18	0
51	19	0
51	20	0
51	21	0
51	22	0
51	23	0
52	-24	0
52	-23	0
52	-22	0
52	-21	0
52	-20	0
52	-19	1
52	-18	0
52	-17	0
52	-16	0
52	-15	0
52	-14	0
52	-13	0
52	-12	0
52	-11	0
52	-10	0
52	-9	0
52	-8	0
52	-7	0
52	-6	0
52	-5	0
52	-4	0
52	-3	0
52	-2	0
52	-1	0
52	0	0
52	1	0
52	2	0
52	3	0
52	4	0
52	5	0
52	6	0
52	7	0
52	8	0
52	9	0
52	10	0
52	11	0
52	12	0
52	13	0
52	14	0
52	15	0
52	16	0
52	17	0
52	18	0
52	19	0
52	20	0
52	21	0
52	22	0
52	23	0
53	-24	0
53	-23	0
53	-22	0
53	-21	0
53	-20	0
53	-19	0
53	-18	0
53	-17	0
53	-16	0
53	-15	0
53	-14	0
53	-13	0
53	-12	0
53	-11	0
53	-10	0
53	-9	0
53	-8	0
53	-7	0
53	-6	0
53	-5	0
53	-4	0
53	-3	0
53	-2	0
53	-1	0
53	0	3
53	1	0
53	2	0
53	3	0
53	4	0
53	5	0
53	6	0
53	7	0
53	8	0
53	9	0
53	10	0
53	11	0
53	12	0
53	13	0
53	14	0
53	15	0
53	16	0
53	17	0
53	18	0
53	19	0
53	20	0
53	21	0
53	22	0
53	23	0
54	-24	0
54	-23	0
54	-22	0
54	-21	0
54	-20	0
54	-19	0
54	-18	0
54	-17	0
54	-16	0
54	-15	0
54	-14	0
54	-13	0
54	-12	0
54	-11	0
54	-10	0
54	-9	0
54	-8	0
54	-7	0
54	-6	0
54	-5	0
54	-4	0
54	-3	0
54	-2	0
54	-1	0
54	0	0
54	1	0
54	2	0
54	3	0
54	4	0
54	5	0
54	6	0
54	7	0
54	8	0
54	9	0
54	10	0
54	11	0
54	12	0
54	13	0
54	14	0
54	15	0
54	16	0
54	17	0
54	18	0
54	19	0
54	20	0
54	21	0
54	22	0
54	23	0
55	-24	0
55	-23	0
55	-22	0
55	-21	0
55	-20	0
55	-19	0
55	-18	0
55	-17	0
55	-16	0
55	-15	0
55	-14	0
55	-13	0
55	-12	0
55	-11	0
55	-10	0
55	-9	0
55	-8	0
55	-7	0
55	-6	0
55	-5	0
55	-4	0
55	-3	0
55	-2	1
55	-1	0
55	0	0
55	1	0
55	2	0
55	3	0
55	4	0
55	5	0
55	6	0
55	7	0
55	8	0
55	9	0
55	10	0
55	11	0
55	12	0
55	13	1
55	14	0
55	15	0
55	16	0
55	17	0
55	18	0
55	19	0
55	20	0
55	21	0
55	22	0
55	23	0
56	-24	0
56	-23	0
56	-22	0
56	-21	0
56	-20	0
56	-19	0
56	-18	0
56	-17	0
56	-16	0
56	-15	0
56	-14	0
56	-13	0
56	-12	0
56	-11	0
56	-10	0
56	-9	0
56	-8	0
56	-7	0
56	-6	0
56	-5	0
56	-4	0
56	-3	1
56	-2	0
56	-1	0
56	0	0
56	1	0
56	2	0
56	3	0
56	4	0
56	5	0
56	6	0
56	7	0
56	8	0
56	9	0
56	10	0
56	11	0
56	12	0
56	13	0
56	14	0
56	15	0
56	16	0
56	17	0
56	18	0
56	19	0
56	20	0
56	21	0
56	22	0
56	23	0
57	-24	0
57	-23	0
57	-22	0
57	-21	0
57	-20	0
57	-19	0
57	-18	0
57	-17	0
57	-16	0
57	-15	0
57	-14	0
57	-13	0
57	-12	0
57	-11	0
57	-10	0
57	-9	0
57	-8	0
57	-7	0
57	-6	0
57	-5	0
57	-4	0
57	-3	0
57	-2	0
57	-1	0
57	0	0
57	1	0
57	2	0
57	3	0
57	4	0
57	5	0
57	6	0
57	7	0
57	8	0
57	9	0
57	10	0
57	11	0
57	12	0
57	13	0
57	14	0
57	15	0
57	16	0
57	17	0
57	18	0
57	19	0
57	20	0
57	21	0
57	22	0
57	23	0
58	-24	0
58	-23	0
58	-22	0
58	-21	0
58	-20	0
58	-19	0
58	-18	0
58	-17	0
58	-16	0
58	-15	0
58	-14	0
58	-13	0
58	-12	0
58	-11	0
58	-10	0
58	-9	0
58	-8	0
58	-7	0
58	-6	0
58	-5	0
58	-4	0
58	-3	0
58	-2	0
58	-1	0
58	0	0
58	1	0
58	2	0
58	3	0
58	4	0
58	5	0
58	6	0
58	7	0
58	8	0
58	9	0
58	10	0
58	11	0
58	12	0
58	13	0
58	14	0
58	15	0
58	16	0
58	17	0
58	18	0
58	19	0
58	20	0
58	21	0
58	22	0
58	23	0
59	-24	0
59	-23	0
59	-22	0
59	-21	0
59	-20	0
59	-19	0
59	-18	0
59	-17	0
59	-16	0
59	-15	0
59	-14	0
59	-13	0
59	-12	0
59	-11	0
59	-10	0
59	-9	0
59	-8	0
59	-7	0
59	-6	0
59	-5	0
59	-4	0
59	-3	0
59	-2	0
59	-1	0
59	0	0
59	1	0
59	2	0
59	3	0
59	4	0
59	5	0
59	6	0
59	7	0
59	8	0
59	9	0
59	10	0
59	11	0
59	12	0
59	13	0
59	14	0
59	15	0
59	16	0
59	17	0
59	18	0
59	19	0
59	20	0
59	21	0
59	22	0
59	23	0
60	-24	0
60	-23	0
60	-22	0
60	-21	0
60	-20	0
60	-19	0
60	-18	0
60	-17	0
60	-16	0
60	-15	0
60	-14	0
60	-13	0
60	-12	0
60	-11	0
60	-10	0
60	-9	0
60	-8	0
60	-7	1
60	-6	0
60	-5	0
60	-4	0
60	-3	0
60	-2	0
60	-1	0
60	0	0
60	1	0
60	2	0
60	3	0
60	4	0
60	5	0
60	6	0
60	7	0
60	8	0
60	9	0
60	10	0
60	11	0
60	12	0
60	13	0
60	14	0
60	15	0
60	16	0
60	17	0
60	18	0
60	19	0
60	20	0
60	21	0
60	22	0
60	23	0
61	-24	0
61	-23	0
61	-22	0
61	-21	0
61	-20	0
61	-19	0
61	-18	0
61	-17	0
61	-16	0
61	-15	0
61	-14	0
61	-13	0
61	-12	0
61	-11	0
61	-10	0
61	-9	0
61	-8	0
61	-7	0
61	-6	0
61	-5	0
61	-4	0
61	-3	0
61	-2	0
61	-1	0
61	0	0
61	1	0
61	2	0
61	3	0
61	4	0
61	5	0
61	6	0
61	7	0
61	8	0
61	9	0
61	10	0
61	11	0
61	12	0
61	13	0
61	14	0
61	15	0
61	16	0
61	17	0
61	18	0
61	19	0
61	20	0
61	21	0
61	22	0
61	23	0
62	-24	0
62	-23	0
62	-22	0
62	-21	0
62	-20	0
62	-19	0
62	-18	0
62	-17	0
62	-16	0
62	-15	0
62	-14	0
62	-13	0
62	-12	0
62	-11	0
62	-10	0
62	-9	0
62	-8	0
62	-7	0
62	-6	0
62	-5	0
62	-4	0
62	-3	0
62	-2	0
62	-1	0
62	0	0
62	1	0
62	2	0
62	3	0
62	4	0
62	5	0
62	6	0
62	7	0
62	8	0
62	9	0
62	10	0
62	11	0
62	12	0
62	13	0
62	14	0
62	15	0
62	16	0
62	17	0
62	18	0
62	19	0
62	20	0
62	21	0
62	22	0
62	23	0
63	-24	0
63	-23	0
63	-22	0
63	-21	0
63	-20	0
63	-19	0
63	-18	0
63	-17	0
63	-16	0
63	-15	0
63	-14	0
63	-13	0
63	-12	0
63	-11	0
63	-10	0
63	-9	0
63	-8	0
63	-7	0
63	-6	0
63	-5	0
63	-4	0
63	-3	0
63	-2	0
63	-1	0
63	0	0
63	1	0
63	2	0
63	3	0
63	4	0
63	5	0
63	6	0
63	7	0
63	8	0
63	9	0
63	10	0
63	11	0
63	12	0
63	13	0
63	14	0
63	15	0
63	16	0
63	17	0
63	18	0
63	19	0
63	20	0
63	21	0
63	22	0
63	23	0
64	-24	0
64	-23	0
64	-22	0
64	-21	0
64	-20	0
64	-19	0
64	-18	0
64	-17	0
64	-16	0
64	-15	0
64	-14	0
64	-13	0
64	-12	0
64	-11	0
64	-10	0
64	-9	0
64	-8	0
64	-7	0
64	-6	0
64	-5	0
64	-4	0
64	-3	0
64	-2	0
64	-1	0
64	0	0
64	1	0
64	2	0
64	3	0
64	4	0
64	5	0
64	6	0
64	7	0
64	8	0
64	9	0
64	10	0
64	11	0
64	12	0
64	13	0
64	14	0
64	15	0
64	16	0
64	17	0
64	18	0
64	19	0
64	20	0
64	21	0
64	22	0
64	23	0
65	-24	0
65	-23	0
65	-22	0
65	-21	0
65	-20	0
65	-19	0
65	-18	0
65	-17	0
65	-16	0
65	-15	0
65	-14	0
65	-13	0
65	-12	0
65	-11	0
65	-10	0
65	-9	0
65	-8	0
65	-7	0
65	-6	0
65	-5	0
65	-4	0
65	-3	0
65	-2	0
65	-1	0
65	0	0
65	1	0
65	2	0
65	3	0
65	4	0
65	5	0
65	6	0
65	7	0
65	8	0
65	9	0
65	10	0
65	11	0
65	12	0
65	13	0
65	14	0
65	15	0
65	16	0
65	17	0
65	18	0
65	19	0
65	20	0
65	21	0
65	22	0
65	23	0
66	-24	0
66	-23	0
66	-22	0
66	-21	0
66	-20	0
66	-19	0
66	-18	0
66	-17	0
66	-16	0
66	-15	0
66	-14	0
66	-13	0
66	-12	0
66	-11	0
66	-10	0
66	-9	0
66	-8	0
66	-7	0
66	-6	0
66	-5	0
66	-4	0
66	-3	0
66	-2	0
66	-1	0
66	0	0
66	1	0
66	2	0
66	3	0
66	4	0
66	5	0
66	6	0
66	7	0
66	8	0
66	9	0
66	10	0
66	11	0
66	12	0
66	13	0
66	14	0
66	15	0
66	16	0
66	17	0
66	18	0
66	19	0
66	20	0
66	21	0
66	22	0
66	23	0
67	-24	0
67	-23	0
67	-22	0
67	-21	0
67	-20	0
67	-19	0
67	-18	0
67	-17	0
67	-16	0
67	-15	0
67	-14	0
67	-13	0
67	-12	0
67	-11	0
67	-10	0
67	-9	0
67	-8	0
67	-7	0
67	-6	0
67	-5	0
67	-4	0
67	-3	0
67	-2	0
67	-1	0
67	0	0
67	1	0
67	2	0
67	3	0
67	4	0
67	5	0
67	6	0
67	7	0
67	8	0
67	9	0
67	10	0
67	11	0
67	12	0
67	13	0
67	14	0
67	15	0
67	16	0
67	17	0
67	18	0
67	19	0
67	20	0
67	21	0
67	22	0
67	23	0
68	-24	0
68	-23	0
68	-22	0
68	-21	0
68	-20	0
68	-19	0
68	-18	0
68	-17	0
68	-16	0
68	-15	0
68	-14	0
68	-13	0
68	-12	0
68	-11	0
68	-10	0
68	-9	0
68	-8	0
68	-7	0
68	-6	0
68	-5	0
68	-4	0
68	-3	0
68	-2	0
68	-1	0
68	0	0
68	1	0
68	2	0
68	3	0
68	4	0
68	5	0
68	6	0
68	7	0
68	8	0
68	9	0
68	10	0
68	11	0
68	12	0
68	13	0
68	14	0
68	15	0
68	16	0
68	17	0
68	18	0
68	19	0
68	20	0
68	21	0
68	22	0
68	23	0
69	-24	0
69	-23	0
69	-22	0
69	-21	0
69	-20	0
69	-19	0
69	-18	0
69	-17	0
69	-16	0
69	-15	0
69	-14	0
69	-13	0
69	-12	0
69	-11	0
69	-10	0
69	-9	0
69	-8	0
69	-7	0
69	-6	0
69	-5	0
69	-4	0
69	-3	0
69	-2	0
69	-1	0
69	0	0
69	1	0
69	2	0
69	3	0
69	4	0
69	5	0
69	6	0
69	7	0
69	8	0
69	9	0
69	10	0
69	11	0
69	12	0
69	13	0
69	14	0
69	15	0
69	16	0
69	17	0
69	18	0
69	19	1
69	20	0
69	21	0
69	22	0
69	23	0
70	-24	0
70	-23	0
70	-22	0
70	-21	0
70	-20	0
70	-19	0
70	-18	0
70	-17	0
70	-16	0
70	-15	0
70	-14	0
70	-13	0
70	-12	0
70	-11	0
70	-10	0
70	-9	0
70	-8	0
70	-7	0
70	-6	0
70	-5	0
70	-4	0
70	-3	0
70	-2	0
70	-1	0
70	0	0
70	1	0
70	2	0
70	3	0
70	4	0
70	5	0
70	6	0
70	7	0
70	8	0
70	9	0
70	10	0
70	11	0
70	12	0
70	13	0
70	14	0
70	15	0
70	16	0
70	17	0
70	18	0
70	19	0
70	20	0
70	21	0
70	22	1
70	23	0
71	-24	0
71	-23	0
71	-22	0
71	-21	0
71	-20	0
71	-19	0
71	-18	0
71	-17	0
71	-16	0
71	-15	0
71	-14	0
71	-13	0
71	-12	0
71	-11	0
71	-10	0
71	-9	0
71	-8	0
71	-7	0
71	-6	0
71	-5	0
71	-4	0
71	-3	0
71	-2	0
71	-1	0
71	0	0
71	1	0
71	2	0
71	3	0
71	4	0
71	5	0
71	6	0
71	7	0
71	8	0
71	9	0
71	10	0
71	11	0
71	12	0
71	13	0
71	14	0
71	15	0
71	16	0
71	17	0
71	18	0
71	19	0
71	20	0
71	21	0
71	22	0
71	23	0
72	-24	0
72	-23	0
72	-22	0
72	-21	0
72	-20	0
72	-19	0
72	-18	0
72	-17	0
72	-16	0
72	-15	0
72	-14	0
72	-13	0
72	-12	0
72	-11	0
72	-10	0
72	-9	0
72	-8	0
72	-7	0
72	-6	0
72	-5	0
72	-4	0
72	-3	0
72	-2	0
72	-1	0
72	0	0
72	1	0
72	2	0
72	3	0
72	4	0
72	5	0
72	6	0
72	7	0
72	8	0
72	9	0
72	10	0
72	11	0
72	12	0
72	13	0
72	14	0
72	15	0
72	16	0
72	17	0
72	18	0
72	19	0
72	20	0
72	21	0
72	22	0
72	23	0
73	-24	0
73	-23	0
73	-22	0
73	-21	0
73	-20	0
73	-19	0
73	-18	0
73	-17	0
73	-16	0
73	-15	0
73	-14	0
73	-13	0
73	-12	0
73	-11	0
73	-10	0
73	-9	0
73	-8	0
73	-7	0
73	-6	0
73	-5	0
73	-4	0
73	-3	0
73	-2	0
73	-1	0
73	0	0
73	1	0
73	2	0
73	3	0
73	4	0
73	5	0
73	6	0
73	7	0
73	8	0
73	9	0
73	10	0
73	11	0
73	12	0
73	13	0
73	14	0
73	15	0
73	16	0
73	17	0
73	18	0
73	19	0
73	20	0
73	21	0
73	22	0
73	23	0
74	-24	0
74	-23	0
74	-22	0
74	-21	0
74	-20	0
74	-19	0
74	-18	0
74	-17	0
74	-16	0
74	-15	0
74	-14	0
74	-13	0
74	-12	0
74	-11	0
74	-10	0
74	-9	0
74	-8	0
74	-7	0
74	-6	0
74	-5	0
74	-4	0
74	-3	0
74	-2	0
74	-1	0
74	0	0
74	1	0
74	2	0
74	3	0
74	4	0
74	5	0
74	6	0
74	7	0
74	8	0
74	9	0
74	10	0
74	11	0
74	12	0
74	13	0
74	14	0
74	15	0
74	16	0
74	17	0
74	18	0
74	19	0
74	20	0
74	21	0
74	22	0
74	23	0
75	-24	0
75	-23	0
75	-22	0
75	-21	0
75	-20	0
75	-19	0
75	-18	0
75	-17	0
75	-16	0
75	-15	0
75	-14	0
75	-13	0
75	-12	0
75	-11	0
75	-10	0
75	-9	0
75	-8	0
75	-7	0
75	-6	0
75	-5	0
75	-4	0
75	-3	0
75	-2	0
75	-1	0
75	0	0
75	1	0
75	2	0
75	3	0
75	4	0
75	5	0
75	6	0
75	7	0
75	8	0
75	9	0
75	10	0
75	11	0
75	12	0
75	13	0
75	14	0
75	15	0
75	16	0
75	17	0
75	18	0
75	19	0
75	20	0
75	21	0
75	22	0
75	23	0
76	-24	0
76	-23	0
76	-22	0
76	-21	0
76	-20	0
76	-19	0
76	-18	0
76	-17	0
76	-16	0
76	-15	0
76	-14	0
76	-13	0
76	-12	0
76	-11	0
76	-10	0
76	-9	0
76	-8	0
76	-7	0
76	-6	0
76	-5	0
76	-4	0
76	-3	0
76	-2	0
76	-1	0
76	0	0
76	1	0
76	2	0
76	3	0
76	4	0
76	5	0
76	6	0
76	7	0
76	8	0
76	9	0
76	10	0
76	11	0
76	12	0
76	13	0
76	14	0
76	15	0
76	16	0
76	17	0
76	18	0
76	19	0
76	20	0
76	21	0
76	22	0
76	23	0
77	-24	0
77	-23	0
77	-22	0
77	-21	0
77	-20	0
77	-19	0
77	-18	0
77	-17	0
77	-16	0
77	-15	0
77	-14	0
77	-13	0
77	-12	0
77	-11	0
77	-10	0
77	-9	0
77	-8	0
77	-7	0
77	-6	0
77	-5	0
77	-4	0
77	-3	0
77	-2	0
77	-1	0
77	0	0
77	1	0
77	2	0
77	3	0
77	4	0
77	5	0
77	6	0
77	7	0
77	8	0
77	9	0
77	10	0
77	11	0
77	12	0
77	13	0
77	14	0
77	15	0
77	16	0
77	17	0
77	18	0
77	19	0
77	20	0
77	21	0
77	22	0
77	23	0
78	-24	0
78	-23	0
78	-22	0
78	-21	0
78	-20	0
78	-19	0
78	-18	0
78	-17	0
78	-16	0
78	-15	0
78	-14	0
78	-13	0
78	-12	0
78	-11	0
78	-10	0
78	-9	0
78	-8	0
78	-7	0
78	-6	0
78	-5	0
78	-4	0
78	-3	0
78	-2	0
78	-1	0
78	0	0
78	1	0
78	2	0
78	3	0
78	4	0
78	5	0
78	6	0
78	7	0
78	8	0
78	9	0
78	10	0
78	11	0
78	12	0
78	13	0
78	14	0
78	15	0
78	16	0
78	17	0
78	18	0
78	19	0
78	20	0
78	21	0
78	22	0
78	23	0
79	-24	0
79	-23	0
79	-22	0
79	-21	0
79	-20	0
79	-19	0
79	-18	0
79	-17	0
79	-16	0
79	-15	0
79	-14	0
79	-13	0
79	-12	0
79	-11	0
79	-10	0
79	-9	0
79	-8	0
79	-7	0
79	-6	0
79	-5	0
79	-4	0
79	-3	0
79	-2	0
79	-1	0
79	0	0
79	1	0
79	2	0
79	3	0
79	4	0
79	5	0
79	6	0
79	7	0
79	8	0
79	9	0
79	10	0
79	11	0
79	12	0
79	13	0
79	14	0
79	15	0
79	16	0
79	17	0
79	18	0
79	19	0
79	20	0
79	21	0
79	22	0
79	23	0
80	-24	0
80	-23	0
80	-22	0
80	-21	0
80	-20	0
80	-19	0
80	-18	0
80	-17	0
80	-16	0
80	-15	0
80	-14	0
80	-13	0
80	-12	0
80	-11	0
80	-10	0
80	-9	0
80	-8	0
80	-7	0
80	-6	0
80	-5	0
80	-4	0
80	-3	0
80	-2	0
80	-1	0
80	0	0
80	1	0
80	2	0
80	3	0
80	4	0
80	5	0
80	6	0
80	7	0
80	8	0
80	9	0
80	10	0
80	11	0
80	12	0
80	13	0
80	14	0
80	15	0
80	16	0
80	17	0
80	18	0
80	19	0
80	20	0
80	21	0
80	22	0
80	23	0
